
1586684131.64461,81, 15, 0, 0, 66, 7.92
1586684131.706974,81, 14, 3, 15, 67, 8.039999999999999
1586684131.753728,81, 15, 168, 154, 66, 7.92
1586684131.803136,81, 15, 169, 141, 66, 7.92
1586684131.853675,81, 16, 193, 191, 65, 7.8
1586684131.895555,81, 16, 243, 246, 65, 7.8
1586684131.940636,82, 16, 232, 215, 66, 7.92
1586684131.99497,81, 16, 210, 186, 65, 7.8
1586684132.054843,81, 15, 199, 165, 66, 7.92
1586684132.097022,80, 16, 177, 173, 64, 7.68
1586684132.143903,81, 17, 193, 203, 64, 7.68
1586684132.185642,80, 19, 240, 207, 61, 7.319999999999999
1586684132.229318,80, 20, 215, 207, 60, 7.199999999999999
1586684132.275974,80, 22, 209, 192, 58, 6.96
1586684132.325535,80, 21, 211, 181, 59, 7.08
1586684132.365305,80, 23, 191, 183, 57, 6.84
1586684132.413359,78, 22, 212, 188, 56, 6.72
1586684132.455431,79, 26, 193, 203, 53, 6.359999999999999
1586684132.50351,79, 31, 214, 202, 48, 5.76
1586684132.546391,79, 35, 209, 192, 44, 5.279999999999999
1586684132.593473,78, 37, 184, 197, 41, 4.92
1586684132.636036,78, 40, 203, 189, 38, 4.56
1586684132.684031,77, 44, 199, 177, 33, 3.96
1586684132.730543,75, 50, 209, 208, 25, 3.0
1586684132.783993,76, 52, 220, 192, 24, 2.88
1586684132.827347,75, 57, 190, 191, 18, 2.16
1586684132.87468,73, 61, 212, 215, 12, 1.44
1586684132.915663,69, 66, 197, 190, 3, 0.36
1586684132.960385,64, 69, 194, 203, -5, -0.6
1586684133.00494,59, 70, 204, 196, -11, -1.32
1586684133.054907,51, 68, 187, 192, -17, -2.04
1586684133.098811,46, 68, 203, 207, -22, -2.64
1586684133.142655,40, 71, 211, 214, -31, -3.72
1586684133.183859,34, 73, 184, 196, -39, -4.68
1586684133.225803,30, 76, 199, 202, -46, -5.52
1586684133.27148,25, 77, 190, 207, -52, -6.24
1586684133.316332,18, 77, 193, 198, -59, -7.08
1586684133.36146,14, 76, 200, 210, -62, -7.44
1586684133.408601,13, 75, 182, 215, -62, -7.44
1586684133.458796,11, 72, 203, 212, -61, -7.319999999999999
1586684133.500047,9, 72, 193, 191, -63, -7.56
1586684133.553596,9, 72, 186, 203, -63, -7.56
1586684133.595133,7, 74, 183, 210, -67, -8.039999999999999
1586684133.638948,7, 75, 196, 204, -68, -8.16
1586684133.687023,7, 75, 191, 225, -68, -8.16
1586684133.735236,8, 76, 198, 207, -68, -8.16
1586684133.783238,8, 74, 194, 213, -66, -7.92
1586684133.826432,8, 74, 182, 209, -66, -7.92
1586684133.866631,8, 72, 191, 187, -64, -7.68
1586684133.9135,8, 74, 196, 212, -66, -7.92
1586684133.960407,8, 75, 192, 214, -67, -8.039999999999999
1586684134.011484,9, 74, 200, 210, -65, -7.8
1586684134.053953,8, 72, 183, 211, -64, -7.68
1586684134.099852,8, 71, 194, 206, -63, -7.56
1586684134.144059,8, 71, 191, 200, -63, -7.56
1586684134.18517,8, 72, 195, 209, -64, -7.68
1586684134.234867,9, 74, 194, 204, -65, -7.8
1586684134.283773,8, 74, 195, 219, -66, -7.92
1586684134.32371,8, 75, 186, 202, -67, -8.039999999999999
1586684134.367396,8, 75, 184, 205, -67, -8.039999999999999
1586684134.412461,8, 75, 194, 208, -67, -8.039999999999999
1586684134.459641,7, 75, 178, 199, -68, -8.16
1586684134.500949,8, 75, 192, 205, -67, -8.039999999999999
1586684134.545252,8, 72, 181, 210, -64, -7.68
1586684134.590792,8, 71, 201, 219, -63, -7.56
1586684134.634609,7, 71, 199, 204, -64, -7.68
1586684134.679072,7, 72, 178, 210, -65, -7.8
1586684134.725735,8, 72, 190, 206, -64, -7.68
1586684134.769782,8, 73, 196, 191, -65, -7.8
1586684134.812574,8, 75, 188, 208, -67, -8.039999999999999
1586684134.856782,8, 76, 197, 209, -68, -8.16
1586684134.902288,8, 75, 195, 207, -67, -8.039999999999999
1586684134.947132,8, 74, 195, 203, -66, -7.92
1586684134.992779,8, 73, 191, 217, -65, -7.8
1586684135.034642,8, 72, 193, 203, -64, -7.68
1586684135.079271,8, 72, 194, 213, -64, -7.68
1586684135.124475,8, 73, 197, 217, -65, -7.8
1586684135.172349,9, 73, 192, 195, -64, -7.68
1586684135.215353,9, 74, 183, 203, -65, -7.8
1586684135.2615,8, 75, 195, 197, -67, -8.039999999999999
1586684135.307861,8, 75, 186, 216, -67, -8.039999999999999
1586684135.353172,9, 74, 200, 208, -65, -7.8
1586684135.393144,9, 73, 199, 215, -64, -7.68
1586684135.434763,10, 72, 188, 206, -62, -7.44
1586684135.484578,10, 70, 190, 205, -60, -7.199999999999999
1586684135.529262,13, 72, 184, 206, -59, -7.08
1586684135.574647,17, 72, 187, 197, -55, -6.6
1586684135.625469,22, 73, 201, 208, -51, -6.12
1586684135.672258,30, 73, 187, 227, -43, -5.16
1586684135.716509,35, 70, 198, 200, -35, -4.2
1586684135.765017,43, 70, 191, 200, -27, -3.24
1586684135.809726,50, 68, 188, 205, -18, -2.16
1586684135.86695,59, 66, 192, 193, -7, -0.84
1586684135.915375,66, 60, 211, 193, 6, 0.7199999999999999
1586684135.96443,73, 52, 193, 207, 21, 2.52
1586684136.005757,76, 44, 211, 199, 32, 3.84
1586684136.048406,78, 34, 196, 206, 44, 5.279999999999999
1586684136.093826,81, 27, 211, 195, 54, 6.48
1586684136.142756,80, 22, 198, 191, 58, 6.96
1586684136.184748,83, 16, 198, 206, 67, 8.039999999999999
1586684136.229307,84, 14, 225, 173, 70, 8.4
1586684136.275747,83, 10, 193, 189, 73, 8.76
1586684136.323566,84, 8, 208, 192, 76, 9.119999999999999
1586684136.364491,84, 8, 221, 202, 76, 9.119999999999999
1586684136.408938,82, 7, 199, 189, 75, 9.0
1586684136.45479,80, 9, 203, 191, 71, 8.52
1586684136.499114,80, 8, 208, 188, 72, 8.640000000000001
1586684136.544595,80, 7, 211, 185, 73, 8.76
1586684136.589775,83, 7, 210, 194, 76, 9.119999999999999
1586684136.631398,85, 7, 210, 196, 78, 9.359999999999999
1586684136.685375,86, 8, 207, 184, 78, 9.359999999999999
1586684136.725141,86, 8, 208, 191, 78, 9.359999999999999
1586684136.769729,86, 6, 204, 183, 80, 9.6
1586684136.815317,85, 8, 217, 195, 77, 9.24
1586684136.862565,81, 9, 205, 195, 72, 8.640000000000001
1586684136.91196,80, 8, 209, 197, 72, 8.640000000000001
1586684136.953708,79, 7, 219, 178, 72, 8.640000000000001
1586684136.994486,80, 8, 193, 195, 72, 8.640000000000001
1586684137.039652,80, 7, 201, 181, 73, 8.76
1586684137.083819,80, 6, 210, 186, 74, 8.879999999999999
1586684137.128838,81, 6, 212, 199, 75, 9.0
1586684137.1715,81, 7, 200, 185, 74, 8.879999999999999
1586684137.214647,81, 7, 216, 197, 74, 8.879999999999999
1586684137.260034,82, 7, 209, 193, 75, 9.0
1586684137.305488,82, 9, 202, 189, 73, 8.76
1586684137.373564,80, 8, 209, 182, 72, 8.640000000000001
1586684137.414281,79, 8, 212, 198, 71, 8.52
1586684137.459308,77, 8, 205, 196, 69, 8.279999999999999
1586684137.503781,76, 9, 225, 188, 67, 8.039999999999999
1586684137.545969,76, 9, 183, 195, 67, 8.039999999999999
1586684137.590953,78, 9, 229, 187, 69, 8.279999999999999
1586684137.636438,78, 9, 208, 196, 69, 8.279999999999999
1586684137.682731,79, 8, 197, 192, 71, 8.52
1586684137.726422,81, 7, 226, 193, 74, 8.879999999999999
1586684137.769936,83, 7, 207, 190, 76, 9.119999999999999
1586684137.81395,82, 7, 202, 197, 75, 9.0
1586684137.860501,82, 7, 209, 181, 75, 9.0
1586684137.903025,82, 7, 199, 195, 75, 9.0
1586684137.949845,83, 8, 221, 180, 75, 9.0
1586684137.993863,81, 8, 198, 187, 73, 8.76
1586684138.036683,79, 8, 204, 198, 71, 8.52
1586684138.083576,79, 8, 215, 184, 71, 8.52
1586684138.125271,79, 8, 200, 192, 71, 8.52
1586684138.173575,81, 8, 201, 192, 73, 8.76
1586684138.212994,82, 8, 213, 185, 74, 8.879999999999999
1586684138.258434,82, 8, 206, 200, 74, 8.879999999999999
1586684138.301481,82, 9, 214, 191, 73, 8.76
1586684138.345643,82, 7, 207, 189, 75, 9.0
1586684138.394037,82, 9, 219, 201, 73, 8.76
1586684138.434356,82, 10, 205, 186, 72, 8.640000000000001
1586684138.48489,81, 8, 199, 186, 73, 8.76
1586684138.529359,80, 8, 216, 195, 72, 8.640000000000001
1586684138.576025,80, 10, 187, 192, 70, 8.4
1586684138.62237,82, 8, 208, 179, 74, 8.879999999999999
1586684138.669455,82, 8, 211, 198, 74, 8.879999999999999
1586684138.723676,82, 8, 210, 188, 74, 8.879999999999999
1586684138.766403,81, 9, 207, 198, 72, 8.640000000000001
1586684138.814052,80, 8, 208, 189, 72, 8.640000000000001
1586684138.860485,81, 8, 211, 188, 73, 8.76
1586684138.905077,80, 8, 214, 194, 72, 8.640000000000001
1586684138.946017,79, 8, 194, 187, 71, 8.52
1586684138.993751,67, 11, 219, 194, 56, 6.72
1586684139.043618,61, 56, 193, 196, 5, 0.6
1586684139.087131,80, 64, 198, 199, 16, 1.92
1586684139.133083,81, 72, 212, 204, 9, 1.08
1586684139.175809,81, 73, 196, 194, 8, 0.96
1586684139.22028,82, 73, 203, 190, 9, 1.08
1586684139.264516,83, 73, 199, 200, 10, 1.2
1586684139.305234,82, 73, 183, 186, 9, 1.08
1586684139.350548,82, 72, 210, 205, 10, 1.2
1586684139.39672,81, 74, 204, 208, 7, 0.84
1586684139.443775,67, 73, 197, 199, -6, -0.7199999999999999
1586684139.49476,67, 74, 211, 207, -7, -0.84
1586684139.538834,77, 77, 192, 187, 0, 0.0
1586684139.588866,14, 77, 201, 212, -63, -7.56
1586684139.632361,73, 77, 187, 204, -4, -0.48
1586684139.678922,13, 78, 193, 205, -65, -7.8
1586684139.725138,71, 78, 202, 214, -7, -0.84
1586684139.7759,11, 74, 189, 196, -63, -7.56
1586684139.82203,67, 73, 194, 193, -6, -0.7199999999999999
1586684139.864491,10, 73, 197, 205, -63, -7.56
1586684139.915173,72, 72, 198, 219, 0, 0.0
1586684139.956404,14, 74, 197, 190, -60, -7.199999999999999
1586684140.00203,11, 74, 190, 220, -63, -7.56
1586684140.049636,18, 75, 200, 191, -57, -6.84
1586684140.095839,9, 77, 193, 209, -68, -8.16
1586684140.142543,79, 78, 188, 210, 1, 0.12
1586684140.185295,69, 76, 197, 201, -7, -0.84
1586684140.225788,65, 74, 207, 206, -9, -1.08
1586684140.274011,75, 74, 186, 188, 1, 0.12
1586684140.325113,69, 72, 208, 199, -3, -0.36
1586684140.374932,78, 73, 196, 190, 5, 0.6
1586684140.419731,76, 73, 197, 202, 3, 0.36
1586684140.466553,74, 74, 214, 211, 0, 0.0
1586684140.517593,56, 75, 188, 198, -19, -2.28
1586684140.57519,53, 75, 202, 201, -22, -2.64
1586684140.626451,63, 74, 195, 209, -11, -1.32
1586684140.675912,31, 73, 201, 212, -42, -5.04
1586684140.720582,59, 73, 194, 196, -14, -1.68
1586684140.775974,26, 73, 192, 182, -47, -5.64
1586684140.825304,31, 74, 194, 140, -43, -5.16
1586684140.878975,79, 73, 178, 184, 6, 0.7199999999999999
1586684140.92522,80, 75, 195, 196, 5, 0.6
1586684140.974439,79, 75, 185, 220, 4, 0.48
1586684141.025216,81, 76, 188, 206, 5, 0.6
1586684141.075223,81, 76, 204, 227, 5, 0.6
1586684141.124453,81, 75, 188, 217, 6, 0.7199999999999999
1586684141.174503,83, 74, 189, 199, 9, 1.08
1586684141.216457,83, 75, 204, 174, 8, 0.96
1586684141.2626,82, 74, 195, 195, 8, 0.96
1586684141.305819,82, 74, 194, 196, 8, 0.96
1586684141.354942,80, 73, 221, 176, 7, 0.84
1586684141.404951,62, 73, 207, 196, -11, -1.32
1586684141.455397,59, 64, 197, 198, -5, -0.6
1586684141.506569,39, 56, 192, 219, -17, -2.04
1586684141.555456,40, 54, 196, 176, -14, -1.68
1586684141.604597,40, 40, 176, 192, 0, 0.0
1586684141.652319,40, 36, 202, 189, 4, 0.48
1586684141.703768,40, 36, 195, 242, 4, 0.48
1586684141.746433,40, 36, 196, 191, 4, 0.48
1586684141.792487,39, 36, 205, 174, 3, 0.36
1586684141.837895,38, 36, 186, 268, 2, 0.24
1586684141.882414,38, 36, 209, 158, 2, 0.24
1586684141.926058,38, 36, 182, 225, 2, 0.24
1586684141.970701,38, 37, 205, 180, 1, 0.12
1586684142.02519,38, 37, 160, 124, 1, 0.12
1586684142.07336,37, 36, 198, 355, 1, 0.12
1586684142.115223,37, 36, 286, 179, 1, 0.12
1586684142.164644,38, 36, 222, 126, 2, 0.24
1586684142.207785,38, 36, 193, 219, 2, 0.24
1586684142.255151,37, 35, 211, 191, 2, 0.24
1586684142.302375,38, 36, 147, 206, 2, 0.24
1586684142.355213,37, 36, 173, 190, 1, 0.12
1586684142.397722,37, 35, 184, 207, 2, 0.24
1586684142.446389,38, 35, 220, 189, 3, 0.36
1586684142.509448,38, 34, 246, 194, 4, 0.48
1586684142.564993,38, 36, 163, 232, 2, 0.24
1586684142.615373,37, 35, 223, 181, 2, 0.24
1586684142.698389,38, 35, 211, 210, 3, 0.36
1586684142.740416,38, 35, 203, 197, 3, 0.36
1586684142.793691,38, 35, 